0,74,171
1,72,175
2,71,181
3,69,185
4,70,189
5,76,196
6,86,208
7,90,214
8,93,216
9,100,218
10,115,218
11,130,213
12,135,210
13,131,207
14,133,204
15,134,202
16,141,201
17,145,200
18,148,197
19,151,194
20,151,194
21,157,190
22,170,174
23,171,163
24,152,166
25,143,164
26,127,156
27,119,148
28,124,150
29,129,151
30,130,153
31,131,154
32,135,155
33,137,161
34,144,172
35,151,176
36,153,178
37,160,178
38,177,178
39,191,171
40,197,167
41,197,161
42,194,161
43,197,162
44,201,161
45,203,162
46,203,162
47,203,162
48,206,159
49,208,160
50,218,151
51,224,140
52,206,144
53,186,146
54,169,143
55,154,137
56,150,134
57,149,137
58,147,138
59,150,141
60,157,142
61,157,147
62,160,152
63,163,159
64,166,162
65,166,167
66,182,163
67,203,161
68,210,152
69,207,149
70,204,149
71,204,149
72,206,149
73,209,148
74,211,151
75,211,151
76,211,151
77,215,148
78,218,143
79,226,131
80,220,134
81,195,137
82,182,137
83,163,132
84,157,126
85,156,128
86,151,128
87,150,129
88,153,135
89,157,139
90,160,146
91,159,155
92,158,162
93,154,164
94,163,168
95,183,167
96,192,165
97,190,165
98,180,165
99,177,166
