0,31,122
1,31,126
2,32,133
3,27,139
4,27,142
5,33,151
6,42,165
7,45,168
8,48,171
9,53,170
10,67,164
11,82,157
12,89,155
13,88,151
14,86,148
15,89,144
16,93,143
17,98,142
18,102,140
19,102,138
20,106,136
21,114,130
22,127,115
23,126,107
24,111,109
25,100,108
26,85,106
27,79,102
28,78,102
29,83,106
30,86,107
31,87,110
32,87,112
33,92,115
34,101,125
35,105,131
36,106,133
37,109,132
38,128,127
39,137,118
40,146,113
41,144,110
42,144,108
43,146,107
44,149,106
45,154,107
46,152,106
47,154,104
48,156,106
49,159,103
50,159,98
51,171,84
52,163,90
53,140,96
54,124,92
55,111,88
56,107,88
57,106,89
58,102,92
59,105,98
60,110,97
61,111,100
62,114,103
63,117,111
64,120,116
65,120,118
66,135,115
67,150,107
68,158,101
69,158,97
70,154,95
71,154,95
72,157,94
73,159,95
74,159,95
75,159,95
76,161,95
77,163,95
78,167,87
79,172,79
80,168,76
81,153,84
82,138,86
83,117,82
84,113,80
85,111,82
86,110,84
87,105,87
88,106,90
89,110,96
90,112,100
91,112,108
92,110,113
93,106,117
94,113,120
95,131,117
96,141,113
97,141,111
98,133,111
99,131,111
