0,82,181
1,82,185
2,82,190
3,81,196
4,80,202
5,86,211
6,100,219
7,102,225
8,104,230
9,110,230
10,121,227
11,137,224
12,143,219
13,143,216
14,142,214
15,146,210
16,152,209
17,156,208
18,156,210
19,159,206
20,163,204
21,168,199
22,181,182
23,181,173
24,160,176
25,149,174
26,135,164
27,130,160
28,134,162
29,137,164
30,139,161
31,142,167
32,144,166
33,148,172
34,156,180
35,160,190
36,163,189
37,168,194
38,183,192
39,203,177
40,208,174
41,206,175
42,204,171
43,206,172
44,210,171
45,211,171
46,212,172
47,213,171
48,214,171
49,218,168
50,225,163
51,234,151
52,211,160
53,194,160
54,174,152
55,164,147
56,160,147
57,159,145
58,158,150
59,160,151
60,164,154
61,168,156
62,169,162
63,174,168
64,177,171
65,177,178
66,197,175
67,212,170
68,220,162
69,217,158
70,214,156
71,214,156
72,217,159
73,219,159
74,220,161
75,219,160
76,221,160
77,221,160
78,232,153
79,238,142
80,227,146
81,206,150
82,187,148
83,174,140
84,167,140
85,164,137
86,161,136
87,161,141
88,163,145
89,167,147
90,168,157
91,167,168
92,166,175
93,163,178
94,173,178
95,194,181
96,201,177
97,199,177
98,189,177
99,185,178
100,183,180
101,187,183
102,185,186
103,180,189
104,180,191
105,176,196
106,180,193
107,183,187
108,174,172
109,146,180
110,137,178
111,115,172
112,109,166
113,108,167
114,109,178
115,108,179
116,104,184
117,102,190
118,102,199
119,109,208
120,107,220
121,103,225
122,105,230
123,123,232
124,131,231
125,135,230
126,124,230
127,117,231
128,121,231
