0,384,123
1,385,124
2,386,126
3,385,128
4,384,129
5,386,132
6,386,132
7,386,134
8,388,136
9,388,136
10,387,138
11,386,139
12,386,141
13,385,145
14,385,145
15,385,146
16,381,148
17,381,150
18,383,152
19,383,153
20,379,156
21,380,157
22,382,159
23,381,160
24,381,161
25,381,163
26,381,163
27,381,163
28,382,163
29,380,161
30,383,158
31,384,159
32,384,158
33,381,156
34,383,155
35,384,156
36,384,156
37,380,156
38,382,155
39,381,155
40,381,155
41,380,154
42,380,154
43,378,155
44,377,154
45,376,154
46,371,152
47,372,152
48,373,152
49,372,151
50,372,151
51,373,151
52,373,150
53,373,150
54,373,150
55,376,148
56,376,148
57,375,150
58,376,148
59,377,149
60,377,150
61,378,151
62,376,150
63,374,150
64,371,150
65,371,150
66,372,150
67,371,151
68,371,151
69,371,151
70,367,150
71,370,151
72,374,150
73,376,152
74,374,151
75,370,160
76,370,160
77,371,159
78,373,156
79,373,154
80,373,153
81,372,153
82,372,154
83,372,154
84,372,154
85,370,153
86,370,153
87,371,151
88,371,151
89,371,148
90,373,148
91,372,146
92,372,144
93,372,142
94,373,141
95,371,139
96,371,140
97,372,139
98,374,139
99,372,137
100,370,133
101,368,131
102,368,131
103,368,131
104,368,131
105,370,131
106,373,130
107,375,130
108,375,126
109,372,124
110,373,126
111,377,125
112,377,125
113,376,126
114,371,125
115,371,125
116,372,124
117,369,126
118,367,126
119,366,128
120,363,127
121,362,127
122,362,128
123,361,128
124,359,129
125,361,130
126,362,130
127,362,131
128,364,131
